12  30   
1508   
1.00  2.00  10.  600.   
1.00  2.00  40.  800.   
1.00  1.00  20.  600.   
1.00  4.00  10.  200.   
1.00  2.00  10.  1000.  
1.00  3.00  50.  1000.  
1.00  1.00  40.  800.   
1.00  4.00  40.  400.   
1.00  2.00  50.  200.   
1.00  2.00  20.  1000.  
1.00  1.00  40.  200.   
1.00  3.00  20.  400.   
89  92  0  91  0  104  108  112  101  0  101  0   
0  110  113  86  98  114  104  96  0  104  100  115   
92  116  119  0  105  85  121  109  114  0  82  78   
123  89  79  122  76  0  0  0  92  119  86  0   
99  90  92  98  108  114  108  76  79  91  87  108   
109  85  80  113  111  102  107  75  93  79  90  78   
109  106  101  104  116  116  101  106  80  76  90  105   
116  105  86  118  86  103  93  82  103  79  96  116   
80  92  77  89  84  110  97  98  112  91  87  107   
110  96  88  108  111  91  96  109  93  79  86  104   
98  102  84  85  107  76  97  98  115  104  90  103   
104  97  102  84  89  123  91  89  114  84  121  125   
109  80  101  87  117  118  106  124  89  117  99  87   
83  117  105  124  103  102  84  84  100  91  98  120   
88  99  101  112  115  84  118  108  82  122  91  96   
109  86  88  104  82  111  123  90  90  123  82  86   
76  79  91  81  116  119  124  119  103  95  96  117   
90  84  91  93  86  78  96  125  83  77  115  96   
90  124  83  80  77  97  89  110  109  112  87  121   
88  93  110  77  119  120  102  81  113  103  95  95   
115  88  89  92  99  119  118  89  122  83  102  119   
90  123  77  102  121  105  94  115  99  104  84  120   
116  114  88  107  101  90  78  111  112  125  87  99   
110  117  117  97  78  91  95  104  118  117  91  100   
124  98  124  105  121  125  114  107  117  95  116  84   
114  76  84  119  111  92  101  78  110  112  80  121   
104  85  121  114  91  124  122  121  75  110  85  114   
123  111  112  75  91  118  91  78  105  124  99  79   
90  124  84  92  91  123  117  90  90  82  83  105   
87  122  103  117  125  91  78  94  116  97  87  97
