12  15   
1456   
1.00  3.00  30.  600.   
1.00  1.00  20.  1000.   
1.00  1.00  30.  800.   
1.00  3.00  40.  400.   
1.00  2.00  40.  800.   
1.00  2.00  10.  400.   
1.00  3.00  30.  800.   
1.00  1.00  20.  600.   
1.00  3.00  10.  800.   
1.00  4.00  50.  800.   
1.00  1.00  30.  800.   
1.00  2.00  20.  200.   
0  98  106  98  0  103  110  85  122  120  117  125   
95  96  0  121  124  102  93  92  116  124  96  112   
110  96  89  0  113  0  0  101  109  94  78  75   
96  98  123  105  123  95  112  110  0  105  0  0   
86  103  96  98  123  107  84  93  105  92  108  116   
124  104  105  96  79  105  124  96  108  86  87  103   
83  122  83  101  111  107  98  120  88  101  114  122   
108  101  82  81  98  105  101  109  98  106  107  88   
114  89  112  117  97  75  83  121  77  75  110  85   
121  108  109  76  80  93  87  87  90  109  94  84   
110  101  119  103  98  115  105  92  110  83  104  76   
124  109  85  81  124  113  118  85  102  95  101  102   
104  106  99  95  78  111  115  91  107  79  108  84   
86  108  80  105  108  105  106  93  99  108  110  88   
87  76  123  102  109  85  78  109  96  100  80  82
