24  15   
2912   
1.00  1.00  10.  600.   
1.00  5.00  10.  800.   
1.00  1.00  40.  800.   
1.00  2.00  10.  200.   
1.00  5.00  10.  1000.   
1.00  2.00  10.  800.   
1.00  4.00  30.  200.   
1.00  1.00  20.  600.   
1.00  3.00  40.  1000.   
1.00  1.00  50.  600.   
1.00  1.00  10.  600.   
1.00  5.00  30.  400.   
1.00  4.00  30.  600.   
1.00  5.00  50.  800.   
1.00  4.00  10.  1000.   
1.00  1.00  30.  200.   
1.00  2.00  20.  200.   
1.00  1.00  40.  200.   
1.00  4.00  40.  1000.   
1.00  3.00  20.  600.   
1.00  5.00  40.  400.   
1.00  1.00  40.  200.   
1.00  4.00  50.  800.   
1.00  1.00  40.  200.   
120  119  0  0  95  123  80  0  0  87  88  91  103  104  91  112  0  79  118  0  106  80  0  0   
118  0  0  120  0  110  97  92  77  0  114  79  98  122  99   0  113  118  94  0  0  80  123  0    
89  0  99  123  98  82  114  96  0  0  94  90  89  79  0   116  0  0  99  109  108  118  87  110    
77  75  0  0  125  112  101  98  0  75  122  106  81  86  87   98  107  110  101  114  78  0  108  102    
97  108  76  88  93  115  103  78  95  116  93  109  117  125  94  92  102  85  97  116  121  85  121  110    
118  121  110  123  96  118  99  77  78  121  124  105  115  98  100   116  95  80  121  112  80  122  117  100    
94  120  123  106  77  105  93  108  112  103  110  77  123  98  80   99  75  107  115  77  80  82  75  113    
101  84  100  89  91  91  77  95  76  96  96  110  99  102  120   98  109  118  80  117  86  109  82  108    
107  121  116  105  85  114  120  93  79  81  80  99  123  98  77   84  111  108  103  94  85  114  116  119    
121  106  95  118  104  111  78  123  85  101  88  119  124  122  119   110  90  103  109  79  93  91  112  102    
109  85  78  104  124  109  86  89  107  90  123  83  90  91  86   98  116  114  84  81  83  116  99  97    
89  112  77  100  109  100  120  117  123  84  95  117  99  87  82   110  118  123  76  98  100  120  116  116    
100  109  102  86  93  87  83  121  123  104  117  113  76  87  85   78  100  95  125  94  87  80  97  112    
99  92  110  80  86  100  123  90  80  117  85  106  77  105  87   79  86  105  107  101  92  94  84  115    
79  90  81  123  109  100  118  108  89  113  124  76  92  114  107   117  92  100  116  99  103  75  121  100