24  30   
3016   
1.00  1.00  20.  400.   
1.00  1.00  30.  600.   
1.00  3.00  20.  1000.   
1.00  5.00  10.  800.   
1.00  1.00  30.  200.   
1.00  4.00  40.  1000.   
1.00  3.00  20.  1000.   
1.00  3.00  10.  1000.   
1.00  1.00  30.  400.   
1.00  3.00  40.  200.   
1.00  1.00  30.  400.   
1.00  4.00  10.  600.   
1.00  1.00  10.  400.   
1.00  1.00  40.  600.   
1.00  5.00  30.  800.   
1.00  1.00  10.  200.   
1.00  2.00  10.  1000.  
1.00  2.00  50.  200.   
1.00  3.00  10.  200.   
1.00  4.00  20.  800.   
1.00  1.00  20.  600.   
1.00  1.00  50.  600.   
1.00  3.00  40.  1000.  
1.00  5.00  40.  1000.  
91  76  91  108  81  0  121  121  0  96  78  0  97  0  120   0  81  121  98  0  121  120  0  89   
100  100  0  115  0  85  78  0  99  93  120  0  109  0  0   75  97  0  124  116  80  0  122  116   
101  0  116  75  113  0  0  103  100  124  0  0  0  104  123   99  85  120  0  88  0  99  80  86   
101  80  123  117  0  124  122  119  112  99  88  90  99  86  122   108  99  120  0  114  0  110  103  77   
83  106  90  87  108  115  121  94  119  120  103  87  91  114  117   78  117  94  116  96  83  90  91  85   
89  114  87  92  121  100  110  109  120  85  81  120  87  94  78   119  115  119  85  86  99  123  94  111   
116  98  93  75  114  110  80  96  105  111  75  99  115  102  78   104  118  121  117  112  117  98  82  114   
96  99  83  109  104  95  87  114  103  89  108  92  84  121  120   84  76  99  110  119  124  76  89  99   
91  108  82  116  111  118  113  113  113  112  106  80  80  107  121   118  115  79  92  93  78  82  85  123   
75  95  96  118  96  114  114  113  98  123  105  120  76  80  91   80  110  92  105  107  96  114  117  81   
81  108  122  104  78  82  93  118  119  100  82  94  122  87  122   98  92  123  108  90  116  87  83  112   
77  104  77  76  115  104  88  96  77  101  115  82  106  93  108   106  117  94  112  124  86  99  121  85   
119  97  108  124  124  77  97  87  96  95  111  107  93  97  93   84  120  111  86  118  80  117  85  106   
124  90  121  118  116  86  118  89  119  115  114  103  91  117  86   112  91  94  90  99  81  93  82  101   
123  124  92  81  110  86  123  116  88  81  90  116  85  112  110   103  76  77  81  88  99  107  98  77   
84  108  92  84  122  124  100  82  90  107  81  122  103  115  117   118  100  91  93  91  107  76  89  104   
117  118  105  120  75  125  121  105  87  78  88  124  103  103  86   92  122  108  100  76  105  100  104  122   
96  77  97  95  94  106  91  98  113  99  78  123  90  83  91   96  107  76  92  114  108  124  124  79   
111  106  85  105  111  118  114  122  104  75  115  113  97  111  96   123  80  117  84  102  107  75  85  86   
96  105  111  77  109  112  88  123  95  113  120  106  104  77  123   92  97  105  100  111  114  84  75  101   
75  97  103  93  85  124  76  88  98  98  100  121  77  124  100   84  104  119  78  104  117  117  98  88   
93  115  103  86  86  95  97  80  103  97  106  113  76  85  77   99  102  120  103  83  124  98  123  102   
111  97  81  108  122  108  103  96  100  87  116  115  97  99  123   94  108  106  110  111  124  94  99  96   
90  119  109  82  106  103  114  102  87  103  90  107  86  102  93   85  124  82  125  108  76  81  105  105   
81  93  75  116  119  119  94  89  87  122  103  117  124  90  75   86  91  122  112  121  120  83  117  103   
112  95  110  106  94  106  94  109  106  110  105  90  94  110  109   116  113  89  112  121  122  91  101  90   
81  121  98  102  80  116  120  82  106  100  97  81  117  122  80   80  110  89  96  124  76  95  84  99   
83  108  105  105  86  117  81  81  104  97  92  82  114  95  89   82  90  102  101  86  105  108  100  77   
114  95  91  92  85  87  104  90  102  103  99  114  99  114  98   106  105  80  83  77  115  98  105  98   
95  90  86  105  112  123  82  87  84  121  123  99  86  78  96   123  122  75  100  123  85  107  77  94
