6  30   
754   
1.00  2.00  20.  600.   
1.00  2.00  50.  800.   
1.00  4.00  10.  200.   
1.00  5.00  10.  200.   
1.00  4.00  40.  1000.  
1.00  1.00  30.  200.   
102  97  0  0  96  102   
99  79  0  111  113  77   
97  88  108  100  0  95   
0  0  0  124  97  0   
110  83  104  79  87  108   
112  101  99  92  105  105   
85  116  85  112  109  98   
105  103  122  103  76  75   
121  97  94  90  97  116   
77  119  118  88  114  93   
89  91  99  121  85  125   
80  112  97  124  75  86   
88  104  81  106  102  112   
101  97  123  118  95  112   
113  76  88  90  99  89   
88  77  75  104  99  104   
85  75  84  79  113  121   
107  109  90  104  115  104   
95  81  80  106  114  76   
84  122  123  91  86  101   
76  102  122  115  98  103   
80  107  120  104  97  97   
109  83  111  122  83  103   
121  98  98  106  105  75   
108  123  114  79  99  77   
75  107  114  122  103  122   
104  124  106  118  102  102   
93  90  105  118  109  94   
80  89  111  118  104  116   
109  107  118  90  81  122
